0.000000000 0.000000000 0.000000000 0.000000000 0.229371980 0.000000000 
0.000000000 0.000000000 0.000000000 0.000000000 0.000000000 0.000000000 
0.000000000 0.000000000 0.000000000 0.000000000 0.000000000 0.000000000 
2.635520935 1.530233622 0.000000000 0.000000000 5.421226501 0.000000000 
2.325826168 1.515596271 0.000000000 0.000000000 5.753425598 0.000000000 
2.770028353 2.411716938 0.000000000 0.000000000 6.415883541 0.000000000 
2.605750561 1.530233622 0.000000000 0.000000000 5.421226501 0.000000000 
1.950285196 1.312922001 0.000000000 0.000000000 3.776798725 0.000000000 
2.457088709 1.306479335 0.000000000 0.000000000 4.695060253 0.000000000 
2.285318613 1.289127111 0.000000000 0.000000000 6.854732513 0.000000000 
0.000000000 0.000000000 0.000000000 0.000000000 0.000000000 0.000000000 
0.000000000 0.000000000 0.000000000 0.000000000 0.000000000 0.000000000 
