1.000000000 1.000000000 7530901282490433900000.000000000 0.000000000 0.966666698 0.000000000 
0.000000000 0.000000000 0.000000000 0.000000000 0.000000000 0.000000000 
0.000000000 0.000000000 0.000000000 0.000000000 0.000000000 0.000000000 
0.034632035 0.122224234 7530901282490433900000.000000000 0.000000000 0.000000000 0.000000000 
0.057278357 0.218442872 7530901282490433900000.000000000 0.000000000 0.000000000 0.000000000 
0.075416960 0.256660312 7530901282490433900000.000000000 0.000000000 0.000000000 0.000000000 
0.030080214 0.122224234 7530901282490433900000.000000000 0.000000000 0.000000000 0.000000000 
0.139270842 0.262522578 7530901282490433900000.000000000 0.000000000 0.037973385 0.000000000 
0.176188856 0.353909373 7530901282490433900000.000000000 0.000000000 0.019200731 0.000000000 
0.124710567 0.475597113 7530901282490433900000.000000000 0.000000000 0.015277779 0.000000000 
0.000000000 0.000000000 0.000000000 0.000000000 0.000000000 0.000000000 
0.000000000 0.000000000 0.000000000 0.000000000 0.000000000 0.000000000 
