  13  48489.000000000
  14  49382.000000000
  15  49806.000000000
   2  52257.000000000
  16  52443.000000000
   1  54285.000000000
  31  56052.000000000
   7  56285.000000000
   0  56327.000000000
   3  56361.000000000
  27  56568.000000000
   6  57091.000000000
   4  57304.000000000
   5  57878.000000000
  29  58239.000000000
  12  58462.000000000
  30  59141.000000000
  26  59265.000000000
  10  60327.000000000
  28  60543.000000000
  21  60552.000000000
  24  60630.000000000
  20  60733.000000000
  25  61296.000000000
  11  62097.000000000
  23  62691.000000000
  22  64262.000000000
   9  64359.000000000
   8  64578.000000000
  18  65909.000000000
  19  65926.000000000
  17  66170.000000000
