37.071 0.000000037443 0.000 0.000
31.693 0.000000043161 0.000 0.000
25.211 0.000000243874 0.000 0.000
24.102 0.000000960948 0.000 0.000
29.052 0.000000284917 0.000 0.000
32.168 0.000000499964 0.000 0.000
24.579 0.000000171323 0.000 0.000
21.308 0.000000039729 0.000 0.000
24.223 0.000000185818 0.000 0.000
47.195 0.000004067623 0.000 0.000
32.627 0.000000785874 0.000 0.000
43.728 0.000002252117 0.000 0.000
34.961 0.000000012022 0.000 0.000
22.236 0.000000081571 0.000 0.000
21.681 0.000000192770 0.000 0.000
27.070 0.000025090154 0.000 0.000
22.464 0.000001097508 0.000 0.000
33.032 0.000000457756 0.000 0.000
36.375 0.000005459948 0.000 0.000
44.828 0.000000069692 0.000 0.000
30.588 0.000001074195 0.000 0.000
28.128 0.000000161159 0.000 0.000
39.071 0.000000316265 0.000 0.000
25.140 0.000000964270 0.000 0.000
30.871 0.000007305753 0.000 0.000
32.665 0.000007271788 0.000 0.000
27.147 0.000000062499 0.000 0.000
21.611 0.000001200244 0.000 0.000
35.072 0.000000074165 0.000 0.000
43.039 0.000000093123 0.000 0.000
34.780 0.000000156057 0.000 0.000
26.781 0.000000025747 0.000 0.000
